err = cell(3);
err{1} = [...
    7.8125000e-03    2.0844e-02
    3.9062500e-03    1.1118e-02
    1.9531250e-03    5.3455e-03
    9.7656250e-04    2.7049e-03
    4.8828125e-04    1.3469e-03];

err{2} = [...
    7.8125000e-03    1.9059e-03
    3.9062500e-03    4.3086e-04
    1.9531250e-03    1.0318e-04
    9.7656250e-04    2.6007e-05
    4.8828125e-04    6.5716e-06];


err{3} = [...
    1.00000000e+00   1.3829e-02
    5.00000000e-01   1.8805e-03
    2.50000000e-01   1.3742e-04
    1.25000000e-01   8.9170e-06
    6.25000000e-02   5.6252e-07
    3.12500000e-02   3.5239e-08
    1.56250000e-02   2.2037e-09
    7.81250000e-03   1.3775e-10
    3.90625000e-03   8.6098e-12];

% To access data in set of errors, use err{k}(:,1), err{k}(:,2), etc. 


